28705.630148	51166.384061	-14757.582814	-8532.912556	12665.191312	8351.081115	16843.291145	4254.721612	23062.127598	48426.686040	-187500.022352	-183820.455828	-187500.022352	-18720.301237	-336.125533	-187500.022352
28656.389255	51113.499834	-14583.149801	-8365.855618	12664.788981	8328.438798	17113.814308	4316.524186	21019.602838	46377.388701	-187500.022352	-186467.327054	-187500.022352	-21432.484261	-2713.658239	-187500.022352
28690.542721	51152.302462	-14742.763608	-8316.905298	12659.670432	8341.693382	16939.895384	4255.839200	22947.127872	48299.370503	-187500.022352	-183994.732379	-187500.022352	-18899.785745	-453.539247	-187500.022352
28664.659401	51128.184930	-14597.857249	-8589.127194	12678.468249	8344.666164	17018.238249	4317.172386	21165.313860	46523.099723	-187500.022352	-186241.574435	-187500.022352	-21208.519782	-2555.273778	-187500.022352
28676.215252	51136.298613	-14723.228183	-8107.849432	12647.622841	8325.622478	17025.882545	4247.904330	22764.849396	48105.849100	-187500.022352	-184253.722042	-187500.022352	-19157.814283	-639.170484	-187500.022352
28684.708915	51142.892378	-14620.119586	-8798.183059	12680.837534	8342.609804	16909.072329	4300.721502	21364.222034	46725.181845	-187500.022352	-185949.504191	-187500.022352	-20915.220191	-2329.744676	-187500.022352
28661.552508	51118.484273	-14699.602389	-7912.942220	12633.116559	8306.042350	17111.310913	4243.925720	22540.974324	47866.640731	-187500.022352	-184570.736834	-187500.022352	-19478.204188	-887.207793	-187500.022352
28697.203540	51156.571645	-14645.935851	-8982.272027	12684.547923	8352.578682	16816.334941	4297.413444	21602.156353	46967.273589	-187500.022352	-185618.296041	-187500.022352	-20576.211283	-2065.502353	-187500.022352
28653.260011	51103.955639	-14671.193322	-7745.348840	12631.328420	8303.293085	17200.293207	4256.733269	22281.604681	47603.024257	-187500.022352	-184926.017812	-187500.022352	-19837.866108	-1176.752290	-187500.022352
28708.066488	51166.629930	-14671.506247	-9118.841185	12693.153345	8365.989729	16741.121321	4297.994590	21873.372420	47239.853113	-187500.022352	-185244.440764	-187500.022352	-20200.590217	-1759.797544	-187500.022352
28635.959761	51090.276371	-14645.689982	-7618.592098	12632.289545	8302.331960	17282.458220	4270.121964	22004.823030	47318.933585	-187500.022352	-185292.832290	-187500.022352	-20211.676682	-1489.095567	-187500.022352
28716.090765	51175.950608	-14697.501325	-9213.433768	12701.088214	8373.298749	16682.090364	4293.658351	22152.657467	47521.172168	-187500.022352	-184868.797346	-187500.022352	-19818.889477	-1441.039317	-187500.022352
28632.875220	51087.191831	-14613.816394	-7545.859521	12630.300239	8298.912144	17333.688418	4275.352272	21733.361093	47041.391974	-187500.022352	-185648.694414	-187500.022352	-20582.290957	-1806.467987	-187500.022352
28727.780727	51192.423843	-14717.707302	-9249.934167	12699.702406	8378.082022	16637.185709	4281.364892	22427.628628	47788.789605	-187500.022352	-184508.487226	-187500.022352	-19456.120665	-1129.768923	-187500.022352
28624.470964	51078.273485	-14596.337330	-7528.983954	12625.226393	8289.502059	17356.151921	4275.486383	21481.993375	46784.212802	-187500.022352	-185971.319493	-187500.022352	-20915.890743	-2104.282630	-187500.022352
28729.390052	51189.674579	-14744.484692	-9235.740809	12695.276760	8374.796316	16608.195497	4270.747813	22672.089657	48029.719058	-187500.022352	-184188.879632	-187500.022352	-19130.835728	-844.940644	-187500.022352
28623.733356	51080.218086	-14577.964196	-7576.883742	12631.060199	8295.894658	17366.634889	4290.238534	21255.726666	46562.148221	-187500.022352	-186245.217770	-187500.022352	-21200.026119	-2370.938941	-187500.022352
28736.140279	51200.738692	-14753.894777	-9167.299767	12689.822935	8372.292921	16620.332494	4266.232761	22872.249528	48236.919729	-187500.022352	-183929.353527	-187500.022352	-18869.186207	-604.569984	-187500.022352
28637.300865	51092.109214	-14562.563844	-7666.625996	12634.323553	8301.236725	17350.273412	4301.637924	21082.254777	46396.208870	-187500.022352	-186445.824676	-187500.022352	-21411.540677	-2582.520554	-187500.022352
28733.726291	51195.441329	-14763.483675	-9051.808304	12680.681071	8367.330833	16641.901927	4257.448525	23019.726338	48380.149708	-187500.022352	-183754.585237	-187500.022352	-18681.632719	-424.347868	-187500.022352
28632.539944	51091.751586	-14558.317013	-7812.068798	12632.378952	8292.228972	17301.121926	4295.491194	20968.864378	46290.753340	-187500.022352	-186567.842849	-187500.022352	-21535.235230	-2729.505626	-187500.022352
28725.098518	51190.993332	-14765.249463	-8890.607523	12671.695670	8358.568950	16690.382861	4245.110362	23098.136258	48453.016395	-187500.022352	-183670.922657	-187500.022352	-18594.796192	-323.586204	-187500.022352
28641.681807	51100.401712	-14559.524007	-7992.067396	12640.827911	8303.203679	17234.133748	4298.866308	20923.758557	46248.217970	-187500.022352	-186589.747559	-187500.022352	-21569.925138	-2796.851432	-187500.022352
28716.180172	51179.459832	-14766.255291	-8695.543849	12659.044583	8341.738086	16749.279708	4240.774124	23101.511371	48448.635453	-187500.022352	-183685.630105	-187500.022352	-18608.453108	-303.000248	-187500.022352
28653.014142	51111.890508	-14569.537588	-8193.568372	12649.165112	8314.044275	17158.674259	4308.365799	20943.539851	46277.856383	-187500.022352	-186526.246253	-187500.022352	-21507.809640	-2787.195478	-187500.022352
28706.412459	51171.949646	-14753.134817	-8477.435527	12655.848283	8335.300784	16848.543805	4247.010260	23036.132519	48377.512202	-187500.022352	-183796.628868	-187500.022352	-18714.758005	-356.644435	-187500.022352
28664.793511	51125.837997	-14581.898103	-8414.493014	12663.671394	8321.263888	17077.738592	4312.500872	21047.296649	46384.965942	-187500.022352	-186364.397271	-187500.022352	-21345.044237	-2682.142279	-187500.022352
28694.923663	51157.353956	-14737.801521	-8263.954015	12647.064048	8322.090903	16942.354076	4243.813961	22911.230971	48245.346337	-187500.022352	-183991.044341	-187500.022352	-18909.396995	-492.878317	-187500.022352
28669.152101	51137.483256	-14605.769766	-8640.446799	12668.834647	8331.031600	16977.960405	4305.705941	21208.251561	46555.509753	-187500.022352	-186121.657326	-187500.022352	-21100.940836	-2517.544033	-187500.022352
28666.335781	51138.913767	-14722.736445	-8063.369461	12636.134045	8313.396074	17035.806720	4245.691508	22723.945704	48048.606282	-187500.022352	-184259.779365	-187500.022352	-19179.942510	-704.303468	-187500.022352
28679.769180	51146.669823	-14629.328505	-8847.043973	12677.529475	8343.839150	16880.976186	4306.309439	21425.443462	46774.422738	-187500.022352	-185810.521044	-187500.022352	-20793.000852	-2283.744786	-187500.022352
28659.786720	51119.825377	-14693.634474	-7872.418508	12630.993143	8305.729426	17132.679180	4255.705089	22493.074535	47804.413474	-187500.022352	-184581.063340	-187500.022352	-19510.167183	-959.515686	-187500.022352
28697.538817	51162.427802	-14654.362459	-9024.874452	12681.619845	8356.847865	16797.961807	4303.090787	21675.581834	47021.878901	-187500.022352	-185463.979598	-187500.022352	-20440.670304	-2004.727960	-187500.022352
28651.941258	51119.780674	-14661.515017	-7714.883413	12627.662734	8302.197850	17222.175565	4263.103516	22230.039207	47531.811599	-187500.022352	-184940.054708	-187500.022352	-19870.544359	-1256.592722	-187500.022352
28713.654424	51188.333474	-14675.373098	-9148.770171	12691.298150	8362.569912	16719.820108	4296.072340	21948.228413	47300.918079	-187500.022352	-185085.497509	-187500.022352	-20055.952079	-1697.480881	-187500.022352
28642.553525	51113.432779	-14631.966011	-7601.917696	12625.360504	8292.541896	17286.950920	4267.640921	21951.961154	47251.498372	-187500.022352	-185303.225851	-187500.022352	-20242.477386	-1572.333464	-187500.022352
28723.310378	51197.900021	-14698.708320	-9234.645573	12694.047415	8368.627235	16663.560768	4290.283238	22224.831250	47584.114681	-187500.022352	-184710.435237	-187500.022352	-19676.397106	-1377.068624	-187500.022352
28628.114298	51097.943020	-14607.043815	-7547.222978	12622.231260	8289.457356	17335.811834	4277.743909	21677.392325	46983.098624	-187500.022352	-185653.835315	-187500.022352	-20607.056690	-1881.525145	-187500.022352
28721.924570	51198.101187	-14719.026055	-9261.110039	12691.476964	8370.393022	16621.271267	4280.850802	22489.945291	47855.017824	-187500.022352	-184356.137735	-187500.022352	-19322.233715	-1063.160725	-187500.022352
28626.750842	51093.070339	-14578.590045	-7541.299765	12627.148643	8288.160954	17360.175235	4287.265752	21429.734997	46734.591929	-187500.022352	-185967.027958	-187500.022352	-20935.493223	-2174.578866	-187500.022352
28733.748643	51206.706608	-14732.057122	-9226.688352	12691.767537	8374.326929	16605.133308	4273.139450	22724.549201	48088.392387	-187500.022352	-184053.740985	-187500.022352	-19013.019683	-789.798890	-187500.022352
28624.605074	51094.724368	-14564.106114	-7594.876897	12627.461568	8289.435004	17351.614517	4292.808985	21215.784099	46526.072505	-187500.022352	-186228.766886	-187500.022352	-21205.301130	-2428.628794	-187500.022352
28725.366738	51205.790187	-14753.291279	-9146.289128	12684.972606	8370.817705	16609.938933	4267.082127	22912.616779	48275.163564	-187500.022352	-183817.684211	-187500.022352	-18774.593624	-561.453469	-187500.022352
28619.419470	51098.077130	-14563.569673	-7701.382959	12628.467396	8291.916048	17325.127700	4297.480499	21053.868062	46364.648207	-187500.022352	-186417.147388	-187500.022352	-21402.465868	-2621.032610	-187500.022352
28716.023709	51201.364541	-14769.898626	-9021.164062	12675.584874	8352.176351	16636.984543	4251.011223	23041.876917	48398.142862	-187500.022352	-183665.781756	-187500.022352	-18610.397710	-389.590906	-187500.022352
28622.325197	51095.529031	-14566.609510	-7861.399098	12637.832777	8296.833431	17281.966481	4305.035389	20949.731284	46269.742700	-187500.022352	-186514.422180	-187500.022352	-21505.999149	-2736.032335	-187500.022352
28704.669023	51183.885477	-14780.113373	-8869.574531	12671.740374	8350.187045	16701.491678	4256.755621	23102.718366	48454.692776	-187500.022352	-183595.932555	-187500.022352	-18540.369694	-290.147995	-187500.022352
28628.360168	51101.116967	-14573.538551	-8068.197437	12649.254519	8301.907277	17221.549716	4316.837110	20919.064691	46241.020708	-187500.022352	-186515.673878	-187500.022352	-21513.375224	-2779.752347	-187500.022352
28703.663195	51182.924352	-14771.798524	-8674.801430	12665.481885	8342.430990	16776.772353	4258.007319	23092.414211	48430.105857	-187500.022352	-183633.282320	-187500.022352	-18573.293814	-289.343332	-187500.022352
28643.514650	51123.982802	-14578.143010	-8270.212504	12658.441086	8310.266830	17140.569346	4319.742837	20967.947956	46287.177061	-187500.022352	-186423.405877	-187500.022352	-21424.214116	-2748.012870	-187500.022352
28691.123866	51177.381119	-14758.119256	-8451.462799	12655.714173	8335.189025	16857.685668	4252.777011	23022.229734	48343.984585	-187500.022352	-183754.674644	-187500.022352	-18695.826077	-359.773679	-187500.022352
28662.915964	51145.306366	-14589.967083	-8483.895181	12665.459533	8325.108388	17040.075903	4316.211261	21083.841751	46410.312821	-187500.022352	-186229.795066	-187500.022352	-21242.203861	-2623.625412	-187500.022352
28685.111247	51170.094451	-14736.907451	-8224.682000	12646.348792	8317.106464	16956.927414	4252.553493	22875.401124	48192.663275	-187500.022352	-183959.438975	-187500.022352	-18914.895524	-509.999753	-187500.022352
28678.763351	51157.085735	-14605.166269	-8694.582724	12672.187408	8335.501949	16955.519254	4316.546537	21255.458445	46592.010151	-187500.022352	-185962.669368	-187500.022352	-20987.259863	-2440.318756	-187500.022352
28671.454331	51154.358823	-14709.258343	-8014.642658	12636.379914	8308.992780	17053.933985	4253.916950	22672.514340	47985.641418	-187500.022352	-184234.052507	-187500.022352	-19201.444888	-728.421000	-187500.022352
28693.314337	51180.353901	-14625.238135	-8885.913656	12681.463382	8344.800275	16856.590433	4313.953735	21479.691145	46817.405142	-187500.022352	-185638.099687	-187500.022352	-20663.383086	-2191.968523	-187500.022352
28664.122959	51150.559026	-14679.418764	-7822.194138	12631.887213	8303.784824	17144.592660	4262.008281	22436.457567	47736.866502	-187500.022352	-184565.841802	-187500.022352	-19540.409093	-990.852832	-187500.022352
28710.435773	51195.441329	-14653.937775	-9047.673231	12684.726737	8353.606862	16761.506112	4305.683590	21740.580707	47086.855422	-187500.022352	-185278.415415	-187500.022352	-20305.554009	-1895.316171	-187500.022352
28651.069540	51133.392886	-14655.345935	-7677.645406	12625.271097	8303.382492	17220.588591	4268.780860	22171.924671	47475.105223	-187500.022352	-184922.732106	-187500.022352	-19910.866906	-1286.119376	-187500.022352
28717.163648	51204.627896	-14683.710299	-9175.055823	12688.615941	8361.586435	16689.645253	4298.620438	22011.103870	47366.118117	-187500.022352	-184904.157806	-187500.022352	-19927.921287	-1577.809641	-187500.022352
28641.502993	51120.875909	-14632.904784	-7578.314254	12623.259440	8291.804289	17284.268711	4274.279389	21885.576473	47185.203097	-187500.022352	-185291.245316	-187500.022352	-20288.790201	-1599.312019	-187500.022352
28725.634959	51208.919431	-14712.164070	-9247.117847	12690.717005	8362.972243	16632.469491	4285.119985	22285.002146	47640.463429	-187500.022352	-184531.107191	-187500.022352	-19553.909547	-1261.085422	-187500.022352
28630.975322	51111.421122	-14607.334388	-7545.926576	12620.957210	8280.963693	17322.311380	4275.240514	21618.830755	46913.025905	-187500.022352	-185636.199789	-187500.022352	-20647.558051	-1911.655296	-187500.022352
28726.461974	51215.200271	-14733.599393	-9271.972987	12690.806412	8362.569912	16598.472488	4276.760432	22546.338743	47899.609554	-187500.022352	-184190.064274	-187500.022352	-19209.312702	-961.482639	-187500.022352
28632.651702	51109.342409	-14579.662929	-7565.171428	12629.249707	8288.518582	17347.144168	4289.545630	21370.659336	46668.050786	-187500.022352	-185939.870589	-187500.022352	-20965.221043	-2199.411654	-187500.022352
28740.655332	51223.582175	-14739.567308	-9230.264632	12694.539153	8371.085926	16595.298540	4276.179287	22771.577271	48122.702315	-187500.022352	-183896.004724	-187500.022352	-18913.934399	-692.367636	-187500.022352
28635.557429	51115.489139	-14558.853454	-7627.286926	12635.508196	8292.094862	17344.730180	4303.202546	21172.868749	46466.482755	-187500.022352	-186184.018693	-187500.022352	-21223.674264	-2435.826056	-187500.022352
28735.849707	51224.588004	-14750.787884	-9130.262927	12687.855981	8367.867275	16612.285866	4273.050043	22947.373742	48291.256820	-187500.022352	-183677.069387	-187500.022352	-18693.434440	-472.895857	-187500.022352
28635.289208	51114.684476	-14551.902062	-7741.504340	12636.804597	8292.698359	17320.612648	4310.220994	21019.379320	46314.289727	-187500.022352	-186349.443954	-187500.022352	-21405.326892	-2613.477720	-187500.022352
28732.139317	51217.323687	-14756.040544	-8995.459556	12681.463382	8355.260891	16658.732791	4268.825563	23057.433731	48395.818281	-187500.022352	-183539.941435	-187500.022352	-18559.033401	-319.026449	-187500.022352
28633.210496	51117.098465	-14548.795169	-7912.003447	12644.717115	8296.632266	17270.142409	4319.876947	20935.157947	46235.477476	-187500.022352	-186421.438923	-187500.022352	-21489.861189	-2713.635887	-187500.022352
28719.041195	51208.248879	-14756.733448	-8823.440531	12676.009557	8350.119990	16717.786100	4267.171534	23102.718366	48434.419743	-187500.022352	-183496.243774	-187500.022352	-18516.676845	-249.423116	-187500.022352
28646.040397	51127.290860	-14551.455027	-8103.222621	12656.496484	8306.958772	17202.886010	4328.169445	20922.216287	46232.124714	-187500.022352	-186396.650838	-187500.022352	-21475.466666	-2742.044955	-187500.022352
28710.301663	51195.620143	-14750.206739	-8618.810310	12666.152437	8337.133627	16786.607121	4258.119077	23081.953595	48407.620002	-187500.022352	-183545.439964	-187500.022352	-18567.191788	-258.386166	-187500.022352
28662.267764	51146.960395	-14557.981736	-8313.016094	12662.240882	8325.845996	17110.573305	4323.609689	20989.964424	46302.912689	-187500.022352	-186276.130232	-187500.022352	-21365.384324	-2687.529050	-187500.022352
28701.495075	51187.238239	-14732.370047	-8399.986732	12655.714173	8333.870272	16871.096715	4254.051060	22991.898417	48305.718399	-187500.022352	-183690.458082	-187500.022352	-18717.127289	-353.269321	-187500.022352
28673.801264	51153.487105	-14577.494809	-8537.673478	12668.231150	8325.354257	17013.253810	4316.591241	21115.692987	46436.240844	-187500.022352	-186076.506803	-187500.022352	-21166.923185	-2555.452592	-187500.022352
28688.464008	51170.809707	-14715.941514	-8181.185506	12646.661716	8318.693437	16972.305414	4259.549589	22832.195202	48142.260092	-187500.022352	-183915.093114	-187500.022352	-18948.557252	-519.566300	-187500.022352
28695.884788	51179.705701	-14593.208086	-8744.829445	12680.368147	8339.391153	16922.237506	4325.800160	21304.945207	46634.366707	-187500.022352	-185792.438482	-187500.022352	-20888.353394	-2351.403517	-187500.022352
28681.982002	51169.110974	-14678.189418	-7972.151991	12642.437237	8311.205603	17071.435400	4267.372700	22624.882773	47921.000173	-187500.022352	-184210.896100	-187500.022352	-19246.751874	-753.074974	-187500.022352
28701.383317	51185.047768	-14610.664798	-8933.746390	12687.252484	8343.593281	16829.321304	4322.089770	21536.106948	46862.712128	-187500.022352	-185465.968903	-187500.022352	-20560.721524	-2099.275839	-187500.022352
28667.118092	51149.776715	-14651.412028	-7790.074681	12638.592737	8304.008341	17168.464323	4278.034482	22372.956261	47662.234028	-187500.022352	-184552.698976	-187500.022352	-19599.931788	-1030.147198	-187500.022352
28719.935265	51203.487957	-14634.625868	-9085.000644	12700.372958	8356.736106	16756.007583	4322.156825	21799.678719	47131.469504	-187500.022352	-185098.126244	-187500.022352	-20194.264674	-1796.901440	-187500.022352
28653.416473	51135.963337	-14626.758054	-7653.974909	12636.469321	8289.613818	17248.908251	4277.967427	22097.873342	47384.513603	-187500.022352	-184912.182082	-187500.022352	-19978.123305	-1328.453580	-187500.022352
28722.282198	51214.060332	-14666.186531	-9200.581515	12704.172755	8358.345432	16685.443125	4305.907107	22069.352516	47408.407618	-187500.022352	-184718.280699	-187500.022352	-19820.588210	-1477.964399	-187500.022352
28641.838269	51128.207282	-14602.148783	-7567.227789	12636.826949	8283.020053	17310.643770	4285.477613	21822.432795	47104.781521	-187500.022352	-185269.608828	-187500.022352	-20352.537376	-1644.261377	-187500.022352
28729.434756	51219.134178	-14688.203000	-9256.729097	12708.061958	8370.460078	16634.056465	4302.017904	22345.977705	47684.094034	-187500.022352	-184352.315587	-187500.022352	-19451.627964	-1163.475354	-187500.022352
28639.916019	51121.457055	-14570.811638	-7532.739047	12638.905661	8290.038501	17344.529014	4305.281258	21561.073847	46841.388564	-187500.022352	-185608.796550	-187500.022352	-20702.833915	-1949.385041	-187500.022352
28745.304495	51234.199254	-14711.068834	-9251.834065	12701.043511	8371.041223	16598.830116	4297.614610	22603.290987	47939.462714	-187500.022352	-184018.157007	-187500.022352	-19116.061224	-862.665577	-187500.022352
28642.352360	51126.575604	-14552.192635	-7554.196722	12634.412960	8290.172611	17344.864290	4309.818662	21326.112309	46600.973201	-187500.022352	-185904.845405	-187500.022352	-21012.003244	-2226.211396	-187500.022352
28747.427910	51237.574367	-14728.749064	-9202.190841	12692.259275	8363.352223	16584.860275	4285.388206	22819.477060	48149.300891	-187500.022352	-183742.738812	-187500.022352	-18839.480739	-601.306629	-187500.022352
28640.184240	51121.971145	-14550.136274	-7645.458894	12635.776417	8289.189135	17336.057703	4317.686476	21131.093339	46414.313783	-187500.022352	-186132.028536	-187500.022352	-21256.441922	-2451.494628	-187500.022352
28744.075149	51230.511216	-14749.044448	-9106.681836	12688.951217	8363.329871	16617.091491	4283.980046	22984.969376	48314.949669	-187500.022352	-183536.879246	-187500.022352	-18634.157614	-394.910621	-187500.022352
28639.379578	51125.167444	-14546.045905	-7776.350710	12643.890100	8292.430138	17313.661255	4326.805988	21006.571770	46292.385017	-187500.022352	-186272.509250	-187500.022352	-21409.193743	-2610.259069	-187500.022352
28747.271448	51235.160379	-14744.127064	-8950.554901	12689.688824	8359.083040	16674.379012	4280.716691	23094.671738	48421.679249	-187500.022352	-183412.514140	-187500.022352	-18509.479583	-259.257884	-187500.022352
28674.851796	51157.421012	-14526.175204	-7927.001468	12657.815237	8310.088016	17264.800342	4333.109180	20957.040305	46247.905045	-187500.022352	-186308.383800	-187500.022352	-21456.579442	-2688.847803	-187500.022352
28755.161614	51245.844513	-14735.208718	-8757.592292	12678.982339	8351.796371	16725.966838	4269.898447	23151.579279	48466.025110	-187500.022352	-183368.235334	-187500.022352	-18469.693478	-195.175433	-187500.022352
28669.643840	51159.119744	-14541.441446	-8139.141874	12653.747219	8301.661408	17163.904567	4323.363820	20964.662250	46255.839915	-187500.022352	-186261.892171	-187500.022352	-21427.276305	-2710.037256	-187500.022352
28733.122794	51221.615222	-14736.862747	-8560.628719	12662.173827	8327.634135	16794.385528	4262.634130	23095.945787	48397.628772	-187500.022352	-183461.687978	-187500.022352	-18569.784590	-254.295797	-187500.022352
28681.110284	51168.172201	-14559.233434	-8368.224903	12661.592682	8303.315437	17077.693889	4326.314250	21028.699998	46323.386887	-187500.022352	-186144.277292	-187500.022352	-21314.310588	-2656.504829	-187500.022352
28711.374546	51201.766873	-14730.514852	-8353.316290	12650.886196	8317.486443	16884.910093	4264.064641	22971.625384	48264.501782	-187500.022352	-183645.016986	-187500.022352	-18754.253537	-377.789185	-187500.022352
28682.250223	51172.419032	-14579.506466	-8594.357502	12673.930845	8319.475748	16990.387975	4331.879834	21160.530586	46464.739318	-187500.022352	-185930.594615	-187500.022352	-21104.718280	-2507.418693	-187500.022352
28678.808055	51171.524962	-14708.319570	-8137.577252	12651.668507	8307.092882	16994.880676	4269.876095	22796.030080	48088.638257	-187500.022352	-183892.584907	-187500.022352	-19006.202400	-555.619664	-187500.022352
28654.154081	51152.570683	-14612.162365	-8806.877888	12682.916246	8324.281374	16895.661282	4321.039238	21356.153054	46670.531830	-187500.022352	-185646.258074	-187500.022352	-20817.833640	-2289.109205	-187500.022352
28614.725603	51111.644639	-14701.546991	-7941.351288	12635.597603	8292.117213	17082.141886	4261.807115	22569.003411	47852.447373	-187500.022352	-184209.733809	-187500.022352	-19324.312428	-798.851347	-187500.022352
28616.603150	51119.490101	-14650.987345	-8998.387635	12677.775345	8328.796426	16793.782031	4306.979991	21587.471257	46909.002591	-187500.022352	-185311.495997	-187500.022352	-20479.808209	-2027.169112	-187500.022352
28550.643152	51051.496095	-14681.408069	-7783.011530	12622.790053	8277.633283	17162.518759	4261.382432	22306.705690	47587.735663	-187500.022352	-184560.052700	-187500.022352	-19679.503999	-1093.492042	-187500.022352
28589.982222	51094.456147	-14682.883284	-9156.816799	12676.568350	8329.310516	16706.520820	4298.866308	21852.898223	47182.789109	-187500.022352	-184942.669862	-187500.022352	-20105.818821	-1729.980317	-187500.022352
28512.332262	51017.297926	-14659.682174	-7663.519104	12610.831870	8261.920007	17233.977286	4267.529162	22028.471175	47306.483663	-187500.022352	-184927.873007	-187500.022352	-20057.427294	-1406.014133	-187500.022352
28585.355411	51099.150014	-14710.845317	-9255.030364	12674.780211	8330.495158	16636.626916	4290.573810	22122.415557	47449.668938	-187500.022352	-184569.753357	-187500.022352	-19732.902316	-1417.055895	-187500.022352
28503.995061	51011.665286	-14634.737627	-7591.747653	12600.706530	8259.371908	17282.435868	4271.552476	21745.363980	47013.452293	-187500.022352	-185292.809939	-187500.022352	-20434.054188	-1728.594509	-187500.022352
28605.337871	51118.461921	-14731.006590	-9302.728987	12671.628615	8338.228862	16596.594941	4283.756528	22386.210845	47711.027886	-187500.022352	-184215.992298	-187500.022352	-19371.698126	-1105.472577	-187500.022352
28501.469314	51009.743036	-14604.272199	-7573.419222	12603.299332	8256.555588	17327.474633	4284.628246	21482.976852	46749.813467	-187500.022352	-185624.263957	-187500.022352	-20773.152503	-2026.655022	-187500.022352
28610.925807	51122.976973	-14742.338925	-9290.748452	12677.440068	8342.654507	16587.877761	4280.627284	22632.907049	47957.277054	-187500.022352	-183893.054294	-187500.022352	-19043.172186	-810.004867	-187500.022352
28509.247721	51016.470911	-14579.059431	-7606.969190	12615.570440	8265.943321	17345.579546	4300.542688	21257.693619	46526.251319	-187500.022352	-185902.073789	-187500.022352	-21062.629946	-2287.991618	-187500.022352
28622.526362	51140.277224	-14754.274756	-9212.360884	12678.334138	8348.354202	16591.655206	4279.040310	22840.353589	48161.884923	-187500.022352	-183630.264834	-187500.022352	-18771.285566	-562.213428	-187500.022352
28534.952227	51044.298833	-14569.626995	-7690.318846	12617.850318	8265.295120	17328.346351	4306.622363	21075.281033	46346.453887	-187500.022352	-186114.504768	-187500.022352	-21282.369945	-2512.470187	-187500.022352
28652.209479	51168.641587	-14772.491428	-9100.110424	12668.387612	8338.273566	16621.763005	4267.685624	22991.317271	48312.982716	-187500.022352	-183441.794925	-187500.022352	-18580.312262	-376.179859	-187500.022352
28568.144568	51072.350272	-14568.956443	-7837.952118	12622.499481	8279.063795	17296.986854	4309.729255	20959.029610	46242.093592	-187500.022352	-186232.343165	-187500.022352	-21412.881781	-2655.610759	-187500.022352
28667.006334	51176.509401	-14771.910283	-8937.590890	12663.581987	8347.348374	16689.824067	4269.563171	23077.907929	48400.489795	-187500.022352	-183348.386985	-187500.022352	-18485.429106	-263.638826	-187500.022352
28598.051202	51099.932325	-14558.987565	-7996.470689	12636.849300	8301.348484	17267.102571	4328.214148	20914.817860	46208.454217	-187500.022352	-186268.687101	-187500.022352	-21453.830177	-2730.958489	-187500.022352
28681.378505	51191.373311	-14759.080381	-8729.429094	12661.346812	8352.578682	16782.583807	4273.050043	23101.176095	48422.193339	-187500.022352	-183351.672691	-187500.022352	-18482.568083	-232.055811	-187500.022352
28624.023929	51132.074133	-14552.103228	-8191.221439	12652.897853	8320.548632	17208.295132	4334.785561	20943.048113	46247.793287	-187500.022352	-186202.458883	-187500.022352	-21390.910016	-2715.424027	-187500.022352
28691.034459	51192.267381	-14734.314648	-8509.934963	12660.810371	8348.242444	16877.511666	4265.562208	23045.676714	48361.776574	-187500.022352	-183453.596646	-187500.022352	-18578.524122	-279.910896	-187500.022352
28649.013179	51150.134343	-14560.239263	-8400.590229	12666.979452	8334.339659	17119.826927	4328.303555	21033.326809	46347.727936	-187500.022352	-186051.495201	-187500.022352	-21238.761692	-2619.669154	-187500.022352
28675.768218	51179.660997	-14720.948305	-8284.987007	12652.540225	8336.485426	16962.358887	4261.628301	22919.076433	48229.722468	-187500.022352	-183642.334776	-187500.022352	-18770.838531	-398.375141	-187500.022352
28667.051037	51162.874837	-14579.774687	-8617.066874	12674.780211	8360.602958	17017.746510	4330.672840	21194.505238	46516.215386	-187500.022352	-185808.978773	-187500.022352	-21003.353119	-2445.549064	-187500.022352
28671.633145	51166.696986	-14698.060119	-8070.007929	12644.694763	8342.743914	17063.299365	4269.250246	22746.386855	48045.789963	-187500.022352	-183890.148567	-187500.022352	-19026.497784	-588.454376	-187500.022352
28681.378505	51175.324759	-14601.768804	-8823.172310	12688.124202	8366.749688	16929.233602	4329.219977	21409.104336	46734.882502	-187500.022352	-185495.540261	-187500.022352	-20691.322767	-2213.649716	-187500.022352
28656.344552	51148.748535	-14668.354651	-7878.922865	12648.807484	8328.975240	17168.374916	4278.727386	22517.549696	47813.555338	-187500.022352	-184204.727018	-187500.022352	-19345.658344	-842.370193	-187500.022352
28698.946977	51187.506460	-14623.584106	-8999.102890	12696.997845	8367.353185	16845.772188	4323.363820	21656.091113	46988.932429	-187500.022352	-185145.869570	-187500.022352	-20339.685123	-1929.894320	-187500.022352
28647.515613	51135.136322	-14646.449941	-7720.650163	12632.133082	8311.250307	17237.620620	4273.050043	22254.424960	47543.836837	-187500.022352	-184560.276217	-187500.022352	-19710.282351	-1129.858330	-187500.022352
28705.920721	51198.659980	-14659.950395	-9144.121008	12686.380766	8368.493124	16737.790911	4304.230726	21924.155584	47258.516819	-187500.022352	-184777.334008	-187500.022352	-19966.790970	-1628.592805	-187500.022352
28638.574915	51125.413314	-14624.120548	-7614.300563	12619.772568	8298.107481	17288.984929	4272.401842	21979.766724	47258.114488	-187500.022352	-184926.531902	-187500.022352	-20083.712945	-1449.108297	-187500.022352
28714.660253	51207.488919	-14687.577151	-9235.763161	12689.554714	8369.498953	16674.736640	4292.451357	22201.853657	47534.292642	-187500.022352	-184403.188157	-187500.022352	-19584.285567	-1312.427379	-187500.022352
28627.354339	51116.763188	-14598.058414	-7556.543655	12627.819196	8295.224106	17348.909956	4277.341578	21703.633273	46981.198726	-187500.022352	-185286.797319	-187500.022352	-20448.381656	-1767.643007	-187500.022352
28724.070337	51219.737675	-14709.683026	-9273.492905	12701.244676	8373.388156	16649.993259	4284.114156	22464.620765	47800.032532	-187500.022352	-184055.596179	-187500.022352	-19229.272810	-1004.018009	-187500.022352
28625.789717	51111.711694	-14579.551170	-7555.202550	12628.310934	8285.031710	17378.436611	4283.063624	21449.404532	46722.834912	-187500.022352	-185611.098780	-187500.022352	-20785.691832	-2064.429470	-187500.022352
28730.865268	51229.706553	-14727.586773	-9253.532798	12690.851115	8369.342490	16620.511308	4273.519429	22704.566742	48034.502332	-187500.022352	-183751.500696	-187500.022352	-18922.137490	-731.550244	-187500.022352
28626.281455	51117.478444	-14560.149856	-7602.700007	12618.386760	8288.473879	17366.120799	4289.702092	21233.330218	46505.330086	-187500.022352	-185882.560716	-187500.022352	-21067.323812	-2331.331650	-187500.022352
28736.430852	51232.612280	-14743.367105	-9168.126782	12672.612092	8373.164639	16614.342226	4264.422269	22902.580846	48223.463979	-187500.022352	-183509.543062	-187500.022352	-18670.345088	-503.562451	-187500.022352
28631.757633	51126.128569	-14550.069219	-7689.134203	12614.922239	8303.226030	17330.022732	4301.637924	21072.799989	46343.995195	-187500.022352	-186075.545678	-187500.022352	-21264.980288	-2535.246615	-187500.022352
28734.821526	51236.412077	-14750.676125	-9031.401161	12663.045545	8377.411470	16635.017590	4264.712842	23049.878842	48362.134202	-187500.022352	-183342.061441	-187500.022352	-18497.119069	-330.045859	-187500.022352
28644.140499	51138.578491	-14540.815597	-7831.850091	12623.795882	8312.345542	17289.141391	4314.333715	20978.587386	46247.212141	-187500.022352	-186181.090615	-187500.022352	-21378.817723	-2663.657387	-187500.022352
28735.045044	51231.852321	-14747.099846	-8864.321871	12661.167998	8370.415374	16699.480021	4264.154048	23124.287799	48431.715182	-187500.022352	-183270.580562	-187500.022352	-18421.525469	-228.144256	-187500.022352
28656.992752	51150.089639	-14537.731056	-8010.149957	12638.749199	8322.649696	17240.571051	4323.676744	20946.020895	46230.917720	-187500.022352	-186189.718388	-187500.022352	-21394.218075	-2709.076131	-187500.022352
28725.880829	51223.716286	-14745.557576	-8657.814104	12657.859940	8359.842999	16785.690699	4263.796421	23124.041930	48432.206921	-187500.022352	-183294.742798	-187500.022352	-18444.346600	-208.228851	-187500.022352
28659.518499	51156.079907	-14556.193597	-8217.149462	12647.667545	8325.510719	17163.636346	4321.061590	20984.041212	46279.800985	-187500.022352	-186106.994582	-187500.022352	-21318.847992	-2678.901276	-187500.022352
28701.763296	51197.967076	-14743.881195	-8449.428791	12642.772513	8345.828455	16866.693421	4253.805191	23050.571746	48356.590969	-187500.022352	-183413.832893	-187500.022352	-18567.348250	-278.905067	-187500.022352
28656.523366	51151.833076	-14578.455934	-8456.983680	12648.047524	8331.612746	17068.060287	4315.965392	21087.753306	46394.063102	-187500.022352	-185933.388583	-187500.022352	-21149.086493	-2576.038548	-187500.022352
28680.462084	51177.559933	-14727.609125	-8240.283518	12630.859033	8336.261909	16966.516312	4256.912083	22909.062852	48203.123892	-187500.022352	-183620.139494	-187500.022352	-18776.314709	-424.571386	-187500.022352
28672.996601	51168.395718	-14598.661911	-8668.207665	12653.456647	8347.460133	16977.245149	4321.642735	21256.665439	46567.378529	-187500.022352	-185677.103481	-187500.022352	-20893.896627	-2389.602648	-187500.022352
28675.790569	51172.642550	-14708.297218	-8019.895318	12618.923201	8322.202661	17063.388772	4262.790592	22712.970997	48001.935840	-187500.022352	-183898.888099	-187500.022352	-19052.761084	-636.890607	-187500.022352
28692.084991	51190.434538	-14625.439301	-8861.907883	12660.542150	8360.111220	16881.400869	4320.771017	21476.852474	46798.272049	-187500.022352	-185364.223762	-187500.022352	-20573.171446	-2154.149372	-187500.022352
28657.864470	51155.498762	-14684.872590	-7832.855920	12612.441196	8317.754664	17154.740352	4268.982025	22477.741239	47763.487430	-187500.022352	-184228.285757	-187500.022352	-19381.957577	-910.744180	-187500.022352
28700.466895	51196.894192	-14650.026220	-9028.048399	12670.399269	8367.621406	16791.882133	4316.144206	21729.717759	47059.295721	-187500.022352	-185012.943746	-187500.022352	-20210.603799	-1882.821546	-187500.022352
28646.308618	51135.806875	-14655.815322	-7681.556962	12614.430501	8309.216298	17237.106530	4276.715729	22209.944988	47492.450177	-187500.022352	-184592.596840	-187500.022352	-19746.000438	-1221.634593	-187500.022352
28708.379413	51205.834890	-14676.334223	-9163.701137	12679.384670	8374.125764	16720.669475	4309.014000	22002.520800	47335.026841	-187500.022352	-184643.782335	-187500.022352	-19832.836966	-1578.659007	-187500.022352
28633.478717	51127.201453	-14626.020447	-7588.238429	12615.793957	8301.169670	17311.828412	4282.862459	21930.302314	47206.034923	-187500.022352	-184968.083795	-187500.022352	-20123.431995	-1541.353946	-187500.022352
28726.551381	51223.828044	-14692.695700	-9239.987640	12685.039662	8376.316235	16669.372221	4298.754549	22281.850550	47611.652030	-187500.022352	-184280.030046	-187500.022352	-19454.600746	-1255.542190	-187500.022352
28632.405833	51124.005154	-14597.141993	-7538.036411	12612.262382	8295.000588	17355.190796	4286.170517	21660.092075	46932.606033	-187500.022352	-185323.945919	-187500.022352	-20482.401011	-1849.830371	-187500.022352
28730.664102	51222.933975	-14723.742273	-9267.994376	12675.249597	8369.275435	16629.697875	4284.807060	22538.761501	47872.027501	-187500.022352	-183941.155248	-187500.022352	-19108.461631	-951.625520	-187500.022352
28625.365034	51116.852595	-14585.832010	-7552.542693	12605.936838	8297.548687	17373.206302	4296.765244	21409.752537	46687.876783	-187500.022352	-185638.010280	-187500.022352	-20808.714129	-2141.967671	-187500.022352
28731.647579	51231.114713	-14746.026963	-9225.369600	12671.293339	8383.491145	16619.639590	4285.276447	22774.415943	48104.887975	-187500.022352	-183636.858599	-187500.022352	-18803.405023	-676.810822	-187500.022352
28622.727528	51111.622287	-14572.309205	-7611.148967	12610.250725	8295.648789	17369.294747	4304.208375	21212.252523	46485.660551	-187500.022352	-185875.139937	-187500.022352	-21063.903995	-2380.796061	-187500.022352
28720.695224	51221.481111	-14762.701364	-9148.457247	12665.727754	8368.783697	16626.747444	4271.977159	22956.493253	48277.398739	-187500.022352	-183406.121541	-187500.022352	-18573.919663	-457.227285	-187500.022352
28616.983130	51111.331715	-14565.044888	-7740.096180	12617.135062	8294.888830	17336.147110	4309.393979	21054.605669	46321.934023	-187500.022352	-186050.690538	-187500.022352	-21255.883128	-2575.725624	-187500.022352
28711.821581	51211.244012	-14773.050222	-9021.655801	12662.754972	8362.212284	16664.790114	4264.310511	23072.208234	48377.422795	-187500.022352	-183264.210315	-187500.022352	-18431.829623	-306.911803	-187500.022352
28623.196915	51113.432779	-14563.077934	-7898.279476	12626.567498	8306.198812	17293.410575	4317.842939	20958.984907	46224.078086	-187500.022352	-186137.839989	-187500.022352	-21348.665219	-2689.183079	-187500.022352
28712.022747	51211.556937	-14769.295128	-8838.527958	12656.652946	8362.547560	16725.698617	4265.629264	23126.321808	48416.717162	-187500.022352	-183210.499073	-187500.022352	-18372.172817	-221.706953	-187500.022352
28643.157022	51134.130494	-14555.053658	-8074.411222	12637.765722	8312.524356	17225.550678	4323.833206	20944.478624	46205.548490	-187500.022352	-186121.970251	-187500.022352	-21338.673990	-2715.513434	-187500.022352
28708.357061	51201.431596	-14752.307803	-8623.526528	12649.522740	8345.448476	16795.547819	4254.408688	23110.429717	48384.329484	-187500.022352	-183256.409556	-187500.022352	-18415.848126	-217.124846	-187500.022352
28651.002485	51141.372459	-14561.200388	-8279.264960	12643.934803	8318.693437	17134.713189	4314.177253	20995.373547	46258.320958	-187500.022352	-186015.598299	-187500.022352	-21239.409892	-2661.399861	-187500.022352
28696.644747	51189.831041	-14739.477901	-8410.626162	12638.704495	8331.746856	16876.885817	4247.434944	23014.898362	48279.499803	-187500.022352	-183396.622049	-187500.022352	-18560.799189	-304.631925	-187500.022352
28668.258031	51163.992424	-14578.277120	-8507.878602	12653.277833	8331.031600	17040.478234	4318.602898	21115.804746	46385.860012	-187500.022352	-185819.685259	-187500.022352	-21048.190719	-2534.643118	-187500.022352
28685.692392	51183.550201	-14727.475015	-8194.663607	12628.668562	8324.773112	16975.233492	4255.258054	22865.387543	48121.987059	-187500.022352	-183613.881006	-187500.022352	-18783.288453	-458.635444	-187500.022352
28682.965479	51177.694044	-14601.366472	-8719.102588	12662.307937	8343.101542	16940.632992	4321.352163	21296.742117	46572.966465	-187500.022352	-185545.228189	-187500.022352	-20780.774448	-2331.510464	-187500.022352
28674.158892	51165.445288	-14697.546029	-7981.025634	12624.980524	8317.151167	17071.368345	4265.673967	22658.030410	47907.052685	-187500.022352	-183906.264175	-187500.022352	-19083.785305	-686.086796	-187500.022352
28688.441657	51187.282942	-14622.399464	-8907.773663	12673.372051	8357.183141	16853.237671	4326.604822	21528.462652	46810.006715	-187500.022352	-185223.161903	-187500.022352	-20458.059962	-2082.869659	-187500.022352
28656.143386	51151.341337	-14670.746287	-7799.350655	12622.119501	8311.116196	17165.133913	4272.670063	22416.296293	47656.690795	-187500.022352	-184242.300301	-187500.022352	-19428.404501	-960.745032	-187500.022352
28706.837142	51203.957344	-14654.250700	-9074.405917	12676.478943	8362.435801	16758.689792	4310.511566	21790.134524	47072.997340	-187500.022352	-184861.220105	-187500.022352	-20093.301844	-1790.821766	-187500.022352
28650.331932	51143.629985	-14650.696772	-7664.971967	12611.189498	8298.912144	17230.669228	4267.015072	22147.762435	47380.356178	-187500.022352	-184606.656087	-187500.022352	-19800.069308	-1266.583951	-187500.022352
28720.963445	51220.967021	-14683.375023	-9185.717605	12672.030946	8359.194798	16677.597663	4293.010151	22071.721801	47352.304739	-187500.022352	-184484.950839	-187500.022352	-19711.332883	-1472.197649	-187500.022352
28642.911153	51140.165465	-14621.170118	-7567.741879	12599.901867	8292.787766	17287.666176	4269.138487	21872.143075	47097.159576	-187500.022352	-184969.447251	-187500.022352	-20170.571824	-1581.587086	-187500.022352
28740.007131	51237.484960	-14700.429404	-9240.971117	12672.947368	8375.399813	16627.552107	4290.640866	22344.591897	47625.107780	-187500.022352	-184118.024602	-187500.022352	-19335.354189	-1158.513267	-187500.022352
28640.899496	51132.342354	-14594.303321	-7525.228861	12605.847431	8297.369873	17339.522223	4292.339598	21604.793859	46827.910462	-187500.022352	-185314.044096	-187500.022352	-20520.309570	-1890.532898	-187500.022352
28742.398768	51241.709440	-14725.150433	-9252.571673	12677.149496	8384.921656	16609.402491	4301.257944	22598.194790	47881.303475	-187500.022352	-183778.546307	-187500.022352	-18992.791354	-855.222446	-187500.022352
28635.736243	51134.331660	-14574.834952	-7552.118010	12613.670541	8299.694455	17367.506607	4311.964430	21361.204548	46588.813852	-187500.022352	-185609.467102	-187500.022352	-20832.026998	-2170.108517	-187500.022352
28740.610628	51244.078725	-14738.583832	-9207.309390	12677.261254	8376.383290	16610.833002	4291.378473	22815.118470	48096.751940	-187500.022352	-183497.540176	-187500.022352	-18712.276961	-591.874193	-187500.022352
28637.725548	51130.554215	-14555.232472	-7628.337458	12619.057312	8293.771242	17357.962413	4314.534880	21161.737581	46392.833757	-187500.022352	-185846.373242	-187500.022352	-21084.601710	-2400.823224	-187500.022352
28741.772919	51239.407210	-14751.145512	-9107.352389	12672.232112	8367.375537	16629.809633	4278.012130	22983.717678	48259.874971	-187500.022352	-183286.986743	-187500.022352	-18498.124897	-383.175955	-187500.022352
28627.443746	51129.727200	-14555.590100	-7754.490704	12624.086454	8299.314475	17326.871136	4320.100465	21023.849669	46252.665967	-187500.022352	-185998.432159	-187500.022352	-21246.026009	-2573.713967	-187500.022352
28721.835163	51229.930071	-14764.981242	-8960.903759	12669.304033	8372.248217	16678.447029	4283.421252	23091.944825	48360.927208	-187500.022352	-183162.934561	-187500.022352	-18370.384678	-245.958596	-187500.022352
28635.132746	51134.063439	-14555.433638	-7915.691485	12635.418789	8316.122987	17280.625377	4337.244253	20955.028648	46194.059693	-187500.022352	-186059.027738	-187500.022352	-21316.232838	-2672.106346	-187500.022352
28717.208352	51219.871786	-14764.265986	-8778.714690	12660.139818	8354.903263	16734.929888	4272.178325	23137.385921	48399.707484	-187500.022352	-183131.485657	-187500.022352	-18338.466387	-186.905287	-187500.022352
28650.376636	51143.920558	-14559.211082	-8108.117653	12641.185539	8318.045237	17201.679015	4332.818607	20953.665191	46192.986809	-187500.022352	-186030.886892	-187500.022352	-21296.093916	-2692.960524	-187500.022352
28708.759392	51209.299410	-14754.766495	-8562.439211	12647.645193	8350.745839	16809.718825	4266.679796	23102.293682	48354.087574	-187500.022352	-183201.424265	-187500.022352	-18410.662521	-211.894537	-187500.022352
28655.115206	51156.437535	-14568.911739	-8321.599164	12644.314783	8325.197795	17106.572343	4329.309384	21028.543535	46272.022578	-187500.022352	-185898.251641	-187500.022352	-21169.247767	-2621.256128	-187500.022352
28696.734154	51203.331495	-14738.717942	-8345.649641	12634.971754	8335.993688	16893.470811	4266.121002	23003.320158	48246.106296	-187500.022352	-183357.640607	-187500.022352	-18565.694221	-309.705771	-187500.022352
28681.713782	51179.035149	-14583.038042	-8551.308042	12651.869673	8332.909147	17013.052644	4331.410448	21165.380915	46417.040696	-187500.022352	-185686.491214	-187500.022352	-20957.330877	-2476.148603	-187500.022352
28693.269633	51188.802861	-14716.612067	-8143.031078	12626.209870	8318.872251	16996.110022	4267.395051	22834.251563	48068.320521	-187500.022352	-183602.168691	-187500.022352	-18812.569238	-491.760730	-187500.022352
28692.688488	51192.692064	-14604.316903	-8766.577693	12662.799676	8343.749743	16924.942067	4335.411410	21358.432932	46617.200567	-187500.022352	-185400.344181	-187500.022352	-20675.095400	-2266.288074	-187500.022352
28676.438770	51177.314064	-14690.304064	-7934.735171	12622.387722	8317.151167	17104.292465	4282.281313	22618.221953	47846.725326	-187500.022352	-183900.653887	-187500.022352	-19119.145765	-724.442390	-187500.022352
28698.790514	51206.125463	-14627.562717	-8950.800771	12674.959025	8365.676804	16840.206604	4340.172331	21598.021281	46863.561495	-187500.022352	-185059.927113	-187500.022352	-20332.420806	-1992.546259	-187500.022352
28655.830461	51158.203323	-14668.734630	-7765.443059	12619.146719	8310.445644	17193.386518	4289.277409	22366.116627	47592.854213	-187500.022352	-184240.355699	-187500.022352	-19465.463694	-999.614716	-187500.022352
28710.748698	51217.055466	-14658.296366	-9098.389339	12680.703423	8378.484354	16755.448789	4336.528997	21860.743685	47134.017603	-187500.022352	-184688.128196	-187500.022352	-19961.292441	-1689.881288	-187500.022352
28653.774101	51149.776715	-14638.157444	-7622.816577	12618.073835	8313.396074	17269.047173	4300.788558	22091.480743	47314.709105	-187500.022352	-184599.950564	-187500.022352	-19838.447254	-1305.923022	-187500.022352
28726.216105	51228.432504	-14685.811363	-9194.077157	12682.446859	8376.472697	16681.732736	4321.486273	22136.161880	47413.190891	-187500.022352	-184307.075656	-187500.022352	-19578.898797	-1370.966598	-187500.022352
28636.518554	51140.858369	-14616.543307	-7541.344469	12611.725940	8301.035559	17320.210316	4300.967372	21810.765184	47030.685488	-187500.022352	-184962.048824	-187500.022352	-20212.704863	-1628.570453	-187500.022352
28733.435718	51237.216739	-14709.705378	-9243.005126	12683.363281	8384.251104	16637.029247	4315.384247	22410.931875	47688.877307	-187500.022352	-183942.585759	-187500.022352	-19212.129022	-1055.181152	-187500.022352
28632.696406	51134.108142	-14588.424812	-7525.273564	12613.357617	8299.873269	17361.359878	4315.384247	21551.328486	46774.646255	-187500.022352	-185292.876994	-187500.022352	-20560.699172	-1927.234462	-187500.022352
28735.581486	51244.928091	-14723.988142	-9247.609585	12682.893894	8379.400775	16614.431633	4309.684552	22656.085808	47936.601691	-187500.022352	-183622.285261	-187500.022352	-18891.493248	-765.815469	-187500.022352
28631.779984	51136.991517	-14563.502617	-7560.119934	12617.827966	8297.034597	17371.373459	4323.721447	21316.970446	46540.399973	-187500.022352	-185585.617791	-187500.022352	-20862.335964	-2203.367913	-187500.022352
28740.476518	51250.605434	-14736.661582	-9181.850753	12681.038699	8378.417299	16620.958343	4303.068436	22863.778217	48138.884978	-187500.022352	-183357.171220	-187500.022352	-18618.757262	-509.038628	-187500.022352
28645.503956	51146.558064	-14538.759236	-7633.858339	12626.791015	8305.438853	17364.556177	4337.154846	21138.514118	46363.441213	-187500.022352	-185795.813596	-187500.022352	-21084.780524	-2411.462654	-187500.022352
28759.631963	51272.286626	-14725.016323	-9045.728629	12684.994958	8390.129613	16653.569538	4308.343447	23043.016856	48312.513329	-187500.022352	-183146.416622	-187500.022352	-18404.605198	-290.840899	-187500.022352
28655.629296	51157.868047	-14531.137291	-7765.644224	12630.948440	8310.803272	17319.249191	4339.077096	21036.746626	46264.691206	-187500.022352	-185912.757923	-187500.022352	-21210.106756	-2544.656699	-187500.022352
28739.358931	51248.213798	-14747.010439	-8910.165299	12670.086344	8366.325005	16687.119506	4285.924648	23131.507412	48396.824109	-187500.022352	-183051.019377	-187500.022352	-18306.615151	-179.797432	-187500.022352
28642.307656	51146.625119	-14545.241242	-7958.830352	12640.135007	8316.391208	17266.364964	4338.786523	20961.533005	46199.714684	-187500.022352	-185973.599371	-187500.022352	-21281.140599	-2644.725459	-187500.022352
28719.376471	51226.331440	-14757.336945	-8727.238623	12661.972661	8361.921711	16755.359382	4282.460127	23137.721197	48399.931002	-187500.022352	-183061.301179	-187500.022352	-18319.780328	-152.863580	-187500.022352
28650.644857	51150.536674	-14555.187768	-8152.128238	12648.293394	8328.639964	17189.586722	4348.755401	20963.410552	46213.773932	-187500.022352	-185929.879359	-187500.022352	-21247.724741	-2647.005337	-187500.022352
28709.340538	51213.948573	-14740.841358	-8506.358684	12652.026135	8356.020851	16839.580755	4286.304627	23082.154761	48341.727059	-187500.022352	-183155.089099	-187500.022352	-18413.300027	-189.073406	-187500.022352
28661.776026	51167.836925	-14561.110981	-8367.062612	12656.496484	8334.965507	17098.168087	4350.744706	21054.002172	46311.920442	-187500.022352	-185778.848622	-187500.022352	-21102.706623	-2552.412755	-187500.022352
28696.667099	51207.779492	-14721.328285	-8288.943266	12647.220510	8336.641888	16933.234564	4285.030578	22968.920823	48221.362915	-187500.022352	-183331.667880	-187500.022352	-18591.890465	-302.687323	-187500.022352
28680.886767	51186.634742	-14581.518123	-8598.649037	12667.650004	8330.182234	17007.397653	4344.955605	21206.955160	46473.188278	-187500.022352	-185549.095040	-187500.022352	-20872.394249	-2387.009846	-187500.022352
28686.653517	51197.810614	-14708.587791	-8081.742594	12637.251632	8323.901394	17033.660952	4283.711825	22787.379955	48035.508160	-187500.022352	-183592.490386	-187500.022352	-18856.088085	-493.057131	-187500.022352
28693.761372	51206.997181	-14604.093385	-8806.564964	12674.087307	8344.442647	16908.111204	4344.530922	21410.557200	46685.708664	-187500.022352	-185253.582627	-187500.022352	-20577.485332	-2164.542933	-187500.022352
28674.851796	51183.840774	-14681.184552	-7889.137612	12627.439216	8306.981123	17119.357541	4287.109290	22560.107417	47806.961573	-187500.022352	-183906.442989	-187500.022352	-19174.443981	-746.168285	-187500.022352
28705.250168	51216.250803	-14633.284763	-8985.848306	12679.295263	8357.898397	16815.485575	4346.699041	21652.268964	46942.396097	-187500.022352	-184910.505701	-187500.022352	-20227.904049	-1890.331732	-187500.022352
28656.836290	51168.798050	-14653.446037	-7713.564660	12625.382856	8307.249344	17220.253315	4305.817700	22302.749431	47550.140029	-187500.022352	-184257.141859	-187500.022352	-19530.529622	-1033.567015	-187500.022352
28715.979006	51235.227434	-14652.194339	-9123.535052	12688.615941	8374.148115	16741.031914	4344.396811	21923.306218	47226.151493	-187500.022352	-184536.493961	-187500.022352	-19851.210100	-1580.938885	-187500.022352
28648.610848	51158.985634	-14623.248830	-7604.085815	12621.426597	8304.276562	17289.811944	4309.125758	22021.318617	47275.928828	-187500.022352	-184625.878587	-187500.022352	-19907.715310	-1348.883074	-187500.022352
28730.306474	51242.335289	-14677.720031	-9215.847756	12686.671339	8376.293883	16677.262387	4330.426971	22193.941139	47504.765988	-187500.022352	-184170.551201	-187500.022352	-19478.807685	-1269.713196	-187500.022352
28636.853830	51148.077982	-14598.818374	-7533.074323	12611.703588	8297.258114	17337.041180	4311.740912	21741.184204	46996.822595	-187500.022352	-184993.184804	-187500.022352	-20284.833942	-1673.832735	-187500.022352
28725.120869	51245.620995	-14711.649980	-9250.112981	12679.496429	8379.356072	16633.654134	4320.167520	22461.849148	47777.926657	-187500.022352	-183815.538444	-187500.022352	-19118.005826	-960.007424	-187500.022352
28629.522458	51143.451171	-14584.289740	-7526.189986	12610.407187	8295.849955	17368.534788	4324.995497	21485.256730	46744.426697	-187500.022352	-185318.000355	-187500.022352	-20614.700987	-1969.658073	-187500.022352
28735.983817	51256.059260	-14736.482768	-9240.479379	12676.501295	8375.422165	16619.036093	4316.814758	22706.421936	48024.555805	-187500.022352	-183501.898766	-187500.022352	-18795.067822	-669.635912	-187500.022352
28630.014197	51141.841846	-14570.923396	-7588.640760	12613.134100	8288.429175	17382.817552	4330.963413	21263.505073	46530.967537	-187500.022352	-185588.635276	-187500.022352	-20896.243560	-2231.508759	-187500.022352
28736.810832	51255.433411	-14748.753875	-9179.593227	12673.863789	8365.118011	16635.084645	4305.415369	22899.205732	48224.156883	-187500.022352	-183251.112193	-187500.022352	-18539.676790	-434.070877	-187500.022352
28634.037511	51143.004136	-14552.907890	-7691.347026	12619.750216	8301.415539	17374.413297	4343.167465	21086.993347	46370.660826	-187500.022352	-185786.917601	-187500.022352	-21103.757155	-2437.927119	-187500.022352
28733.793346	51249.063164	-14754.542977	-9050.981289	12669.996938	8379.043147	16683.230303	4302.666104	23041.631048	48369.778498	-187500.022352	-183080.702493	-187500.022352	-18361.265166	-256.776840	-187500.022352
28635.870354	51146.379250	-14544.704800	-7824.764588	12629.853204	8317.151167	17351.972145	4346.654337	20979.839084	46272.469613	-187500.022352	-185902.409065	-187500.022352	-21224.814203	-2576.887915	-187500.022352
28726.953712	51245.308071	-14753.447742	-8884.438441	12663.850208	8379.534886	16744.541138	4292.965447	23118.476345	48442.600482	-187500.022352	-183004.438341	-187500.022352	-18279.211912	-152.438897	-187500.022352
28643.134671	51159.678538	-14542.737847	-8004.427910	12635.619955	8331.836263	17294.528162	4345.447343	20942.064636	46243.814676	-187500.022352	-185922.547987	-187500.022352	-21253.312678	-2637.058811	-187500.022352
28715.934302	51234.959213	-14745.490521	-8678.802392	12653.702516	8376.875028	16817.765453	4283.600066	23121.471479	48447.204941	-187500.022352	-183020.129266	-187500.022352	-18296.713328	-133.171693	-187500.022352
28659.339685	51165.065308	-14549.845701	-8200.631523	12644.560652	8349.270624	17211.290265	4348.487180	20976.285157	46288.518165	-187500.022352	-185839.712422	-187500.022352	-21180.803619	-2606.794549	-187500.022352
28707.775916	51218.240108	-14740.528433	-8460.716422	12640.738504	8371.734127	16897.650587	4284.605895	23060.294755	48376.819298	-187500.022352	-183123.506084	-187500.022352	-18405.655730	-186.234735	-187500.022352
28667.363962	51183.773718	-14567.950614	-8417.979886	12649.835664	8367.017909	17118.731692	4352.756363	21078.745553	46395.024228	-187500.022352	-185671.515545	-187500.022352	-21017.434718	-2508.983315	-187500.022352
28690.877997	51211.601640	-14723.786977	-8240.842311	12633.988277	8367.554351	16995.640635	4289.210354	22925.156108	48232.270566	-187500.022352	-183328.784505	-187500.022352	-18611.090614	-334.203283	-187500.022352
28689.514540	51200.112844	-14583.954463	-8636.959927	12662.173827	8375.600979	17023.669723	4353.069288	21246.338933	46570.127794	-187500.022352	-185423.880568	-187500.022352	-20771.051439	-2335.377316	-187500.022352
